BLUEWALKER 3
1 53807U 22111AL  23288.16654735  .00009434  00000+0  41748-3 0  9996
2 53807  53.2170 243.9068 0013418  65.6147 294.6250 15.22285410 60713
ION SCV-009
1 55441U 23014BC  23288.95753349  .00082503  00000+0  66142-3 0  9996
2 55441  70.0028  94.0129 0006134 300.6799  59.3792 15.70618305 40523
SHERPA-LTC2
1 53754U 22107BG  23288.85145584  .00004990  00000+0  30379-3 0  9995
2 53754  53.2400 339.2897 0460584  51.9595 312.2018 14.52474018 59908
STARLINK-1032
1 44737U 19074AA  23289.06034795  .00028659  00000+0  19348-2 0  9990
2 44737  53.0532 177.4740 0001542  74.1373 285.9786 15.06404597216669
STARLINK-1041
1 44746U 19074AK  23288.91474257  .00039423  00000+0  26488-2 0  9998
2 44746  53.0546 198.1255 0001367  71.5290 288.5847 15.06427582216193
STARLINK-1130 (DARKSAT)
1 44932U 20001U   23288.80045793  .00008222  00000+0  57010-3 0  9993
2 44932  53.0543 318.6401 0001191  96.9777 263.1347 15.06407003209063
STARLINK-1136
1 45089U 20006AX  23288.52957183  .00021042  00000+0  14285-2 0  9997
2 45089  53.0528 219.9415 0001349  67.9198 292.1934 15.06369090204970
STARLINK-1155
1 45053U 20006K   23288.95735070  .00023086  00000+0  61646-3 0  9998
2 45053  52.9874 182.3516 0003330   0.4242 359.6762 15.38023430205465
STARLINK-1172
1 45074U 20006AG  23288.89263241  .00053614  00000+0  35884-2 0  9994
2 45074  53.0536 238.2273 0000847  77.6785 282.4299 15.06426754204732